PIZZA 3800 100
PIZZA 3700 100
PIZZA 3600 100
/////////////////
MESSAGE 544 2350 1
MESSAGE 2204 2060 2
SUPER_PIZZA 3660 1808
PIZZA 588 208
PIZZA 930 208
PIZZA 2220 220
PIZZA 2320 220
PIZZA 2420 220
PIZZA 3346 190
PIPE 770 208
PIPE 10 1808
PIPE 1472 272
GRASS 80 1808
GRASS 120 1808
GRASS 165 1808
SPIKES 1158 720 1
SPIKES 1220 720 1
SPIKES 1560 848 1
SPIKES 1610 848 1
SPIKES 1660 848 1
SPIKES 1710 848 1
SPIKES 1760 848 1
SPIKES 1810 848 1
SPIKES 1860 848 1
SPIKES 1910 848 1
SPIKES 1960 848 1
SPIKES 2010 848 1
SPIKES 2060 848 1
SPIKES 2110 848 1
SPIKES 2160 848 1
SPIKES 2210 848 1
SPIKES 2260 848 1
SPIKES 2310 848 1
SPIKES 2360 848 1
SPIKES 2410 848 1
SPIKES 2460 848 1
SPIKES 2510 848 1
SPIKES 2560 848 1
ENEMY 700 2450 1.5 200
ENEMY 1250 2450 1.5 200
ENEMY 2198 2128 1.5 300
ENEMY 3056 400 1 50
PLATFORM 2640 2448 2640 2200
PLATFORM 3380 2256 3380 1850
PLATFORM 1550 272 2000 272
BLOCK 2200 272
BLOCK 2300 272
BLOCK 2400 272
